,ROC-AUC,Precision,Recall,f1-score,AUPRC
0,0.6492630867950017,0.6,0.0364741641337386,0.06876790830945559,0.4686277412002432
1,0.647951367781155,0.4782608695652174,0.03343465045592705,0.062499999999999986,0.47336105112371324
2,0.6535346166835527,0.7333333333333333,0.03343465045592705,0.06395348837209301,0.4775146833648316
3,0.6475190813914218,0.5238095238095238,0.03343465045592705,0.06285714285714285,0.4720066183138215
4,0.6584491725768321,0.7777777777777778,0.06382978723404255,0.11797752808988764,0.5571420254896409
5,0.639534131349078,0.75,0.01818181818181818,0.03550295857988166,0.49198772764207976
6,0.6392064814113728,0.4444444444444444,0.0243161094224924,0.04610951008645533,0.4198271213903326
7,0.647081093359582,0.6666666666666666,0.030395136778115502,0.058139534883720936,0.4283483093348609
8,0.6502436478490844,0.631578947368421,0.0364741641337386,0.06896551724137931,0.459694389843683
9,0.6301406721543771,0.5882352941176471,0.030395136778115502,0.05780346820809249,0.5475135750109408
