ROC-AUC,Precision,Recall,f1-score,AUPRC
0.6830003377237419,0.3322314049586777,0.6109422492401215,0.43040685224839403,0.5023417915847093
0.67838568051334,0.33278418451400327,0.6139817629179332,0.43162393162393164,0.4859715950129442
0.660193177980412,0.3220338983050847,0.5775075987841946,0.4134929270946681,0.523473091450308
0.6687051671732522,0.3338926174496644,0.6048632218844985,0.4302702702702703,0.48851102816473785
0.683662276258021,0.33176100628930816,0.6413373860182371,0.43730569948186526,0.6612021430966042
0.6799660304108702,0.32569558101472995,0.603030303030303,0.42295430393198724,0.6934474545686059
0.6515335482265897,0.3082077051926298,0.5592705167173252,0.3974082073434125,0.4438475397955225
0.6669677335612068,0.3248730964467005,0.5835866261398176,0.41739130434782606,0.5315655361029106
0.6670191132408139,0.32996632996632996,0.5957446808510638,0.42470205850487536,0.5045631761508862
0.6528220965072634,0.32211538461538464,0.6109422492401215,0.4218258132214061,0.5431899248596602
