param_min_samples_leaf,param_min_samples_split,mean_test_ROC_AUC,std_test_ROC_AUC,rank_test_ROC_AUC,mean_test_Precision,std_test_Precision,rank_test_Precision,mean_test_Recall,std_test_Recall,rank_test_Recall,mean_test_f1-score,std_test_f1-score,rank_test_f1-score,mean_test_AUPRC,std_test_AUPRC,rank_test_AUPRC
1,2,0.651448866830548,0.004063332782143579,20,0.31580870549078743,0.0038339095101575745,20,0.5663931935581891,0.01758711167242514,20,0.4054782823151966,0.00761346824616036,20,0.583517765122526,0.013818482309560409,5
1,5,0.6585188516768548,0.0025345610982433564,18,0.32156862745098036,0.003439640819657196,9,0.5995138255849286,0.011776251823200332,15,0.41853471530824676,0.0026513151337599072,13,0.5899645738334144,0.02378747649640753,1
1,10,0.6585018190423996,0.0004894500806012235,19,0.3218676254609279,0.002111905309927632,8,0.5964752354907323,0.004955790468034057,16,0.41810483339307436,0.002296077495412731,15,0.589840550346228,0.052952122365282066,2
1,20,0.6617576806939662,0.003870120120389022,15,0.322432615543709,0.005765035141473993,5,0.5791552719538134,0.011271490119107507,19,0.41418392862291653,0.00583103197810719,18,0.571157250181029,0.023253628067198814,6
2,2,0.6617068496220769,0.0035973183724548664,16,0.32292817198418083,0.0019109441942648455,4,0.6010331206320267,0.009424528969474846,14,0.4201131415723854,0.003657894285801552,9,0.585893901737038,0.012384819090974688,4
2,5,0.659790803179173,0.003698737351992308,17,0.3179537480576501,0.0005225932512757239,18,0.5949559404436342,0.011393699944851189,17,0.41439964839131926,0.003093718535232217,17,0.5863668687689684,0.029298734061123634,3
2,10,0.6621853822704107,0.006428643016172605,14,0.31843427161484655,0.007724208948252299,17,0.5867517471893041,0.01237269709602085,18,0.4128085937016379,0.009207610823716269,19,0.5662533036427889,0.0072470997183619245,8
2,20,0.6639196900952878,0.004791998502823758,12,0.3257078301365538,0.0029073245272353758,2,0.6016408386508659,0.017407700501248877,13,0.4225823822003945,0.006746437641094716,5,0.5488698775823025,0.0277251241005182,14
5,2,0.6645198839811671,0.006212861205189923,10,0.32063362593703165,0.005547646863431442,11,0.6043755697356427,0.013418050541367117,11,0.41897880958120925,0.007813487793690965,12,0.5671733836949926,0.05979475696438197,7
5,5,0.6643365126503352,0.004015932056607056,11,0.3257151140850136,0.004408513240219135,1,0.617137648131267,0.0052100966877794705,4,0.42638469293673925,0.004941190344839259,1,0.5564292388685539,0.016421375619418945,11
5,10,0.6664626393703997,0.00790137543553997,5,0.32061832278323427,0.010683827326216245,12,0.6125797629899726,0.01414169100968716,7,0.42091661812132236,0.012525636696069554,8,0.5576449653699674,0.03322262808125938,10
5,20,0.6659110652329877,0.005945226870152982,6,0.32072691402072007,0.00266370582151806,10,0.6022485566697052,0.010768790730276114,12,0.4185207779532399,0.0037311402980347366,14,0.5589581225695989,0.02801420935923079,9
10,2,0.6637285940159188,0.004071916110887326,13,0.32014746460937094,0.0003242997448139434,15,0.6071103008204194,0.011697585265828096,10,0.41918624970416385,0.0025041572847091333,11,0.541580031332745,0.04050759448376681,16
10,5,0.6649189262265115,0.006016406578906222,9,0.3163859916647995,0.003555540675706945,19,0.6116681859617138,0.0073305002016498585,9,0.4170346513211712,0.0039735248575756416,16,0.548907584041022,0.02112113860912207,13
10,10,0.6675094006766233,0.005652964882699849,3,0.3222922411193496,0.003332762233042988,6,0.6125797629899726,0.013418050541367117,7,0.42230743336675375,0.004026703152648296,6,0.5483778081681703,0.038173835736326586,15
10,20,0.6677289062529046,0.007022583136330291,2,0.32378576930146,0.0007270237296116608,3,0.6183530841689455,0.010845681128881667,2,0.4249918121391351,0.0027422136917703037,2,0.5527574633064707,0.04501707926924585,12
20,2,0.6657349788188265,0.00640685569621503,7,0.32033069353049465,0.0072246529933650905,14,0.6168337891218475,0.012395064147293314,5,0.4216637660082137,0.008822734236953808,7,0.5211329212825068,0.006456551571499782,18
20,5,0.6680239697278735,0.005444176726540256,1,0.32039932790446096,0.006282740155824274,13,0.6226071103008205,0.016425258889990354,1,0.42302308584247833,0.007974878990646245,4,0.5212357673582828,0.01196769937725135,17
20,10,0.6667701348912664,0.0036592586044484903,4,0.32198424192498304,0.003168133276155869,7,0.6177453661501063,0.018597561529139266,3,0.42324499206266886,0.005783381849672246,3,0.5037576952172796,0.013868395800386239,19
20,20,0.6656217172800271,0.003492878573770494,8,0.3192522595236572,0.0024643527382464717,16,0.6128836219993922,0.011869963527575002,6,0.4197566143568659,0.001688234529632246,10,0.5011377004863777,0.01701066005260199,20
