ROC-AUC,Precision,Recall,f1-score,AUPRC
0.6572806484295846,0.3078078078078078,0.6231003039513677,0.41206030150753764,0.7417372493226665
0.6843768996960486,0.32819722650231126,0.6474164133738601,0.43558282208588955,0.6944873479257527
0.6579344815940561,0.30364963503649633,0.6322188449848024,0.41025641025641024,0.7487160330485545
0.6788490374873353,0.3278443113772455,0.6656534954407295,0.4393179538615848,0.7685454157721152
0.6668233704829449,0.3188180404354588,0.6231003039513677,0.4218106995884774,0.9197307568481528
0.6718402890111075,0.31762917933130697,0.6333333333333333,0.423076923076923,0.7612727906057855
0.6422541076701749,0.2992481203007519,0.6048632218844985,0.40040241448692154,0.7126302628736884
0.6581142035067984,0.30246913580246915,0.5957446808510638,0.40122824974411464,0.7213885442047498
0.652018950989194,0.3123076923076923,0.6170212765957447,0.41470888661899896,0.7795908968744387
0.6525489729472467,0.31278195488721805,0.6322188449848024,0.4185110663983903,0.7300273432660795
