ROC_AUC,Precision,Recall,f1-score,AUPRC
0.6842391084093211,0.3481848184818482,0.6413373860182371,0.4513368983957219,0.627701049879831
0.689772374197906,0.3425324675324675,0.6413373860182371,0.44656084656084655,0.6132474364753817
0.6814900371496115,0.32367149758454106,0.6109422492401215,0.42315789473684207,0.5583109409450426
0.6764903748733536,0.3296,0.6261398176291794,0.4318658280922432,0.563613782719596
0.6952678149273894,0.3425324675324675,0.6413373860182371,0.44656084656084655,0.7410280502300012
0.68570581257414,0.3408723747980614,0.6393939393939394,0.4446786090621707,0.6005597017088826
0.6708698850176854,0.32524271844660196,0.6109422492401215,0.4244984160506864,0.6321636520496224
0.6704940020984542,0.3277591973244147,0.5957446808510638,0.4228694714131608,0.5706745498035657
0.6785822453460826,0.3269230769230769,0.6200607902735562,0.42812172088142714,0.5893398889730408
0.668936386548259,0.32857142857142857,0.6291793313069909,0.43169968717413976,0.5263624438153899
