ROC-AUC,Precision,Recall,f1-score,AUPRC
0.6555515028706518,0.6060606060606061,0.060790273556231005,0.11049723756906078,0.6559360256838189
0.6848929415737927,0.53125,0.05167173252279635,0.09418282548476455,0.6539161191802756
0.6577048294495103,0.75,0.0547112462006079,0.10198300283286119,0.6756689728427605
0.6778223573117189,0.4375,0.0425531914893617,0.07756232686980609,0.6274647089755252
0.6639891928402566,0.717948717948718,0.0851063829787234,0.15217391304347827,0.8292940720589583
0.6699638736115604,0.5769230769230769,0.045454545454545456,0.08426966292134831,0.6548099649594472
0.6427679044662463,0.4838709677419355,0.04559270516717325,0.08333333333333333,0.6838685058993501
0.6565647005375936,0.6451612903225806,0.060790273556231005,0.1111111111111111,0.7413628424684726
0.6494797131391361,0.5151515151515151,0.05167173252279635,0.09392265193370167,0.6863934838474266
0.6508967106188278,0.3870967741935484,0.0364741641337386,0.06666666666666667,0.7211588110890086
