ROC-AUC,Precision,Recall,f1-score,AUPRC
0.6625099628503884,0.5294117647058824,0.02735562310030395,0.05202312138728324,0.5062347162042379
0.676757852077001,0.7222222222222222,0.03951367781155015,0.07492795389048991,0.48624276368472386
0.664112124282337,0.8333333333333334,0.030395136778115502,0.05865102639296188,0.5892384497999705
0.6467166497804796,0.5333333333333333,0.0243161094224924,0.046511627906976744,0.45910722210464683
0.6737223910840933,0.5263157894736842,0.030395136778115502,0.0574712643678161,0.5254619981680051
0.6836352852367088,0.8461538461538461,0.03333333333333333,0.0641399416909621,0.5706563245086473
0.6699883178833735,0.5,0.02735562310030395,0.05187319884726225,0.43285170561033653
0.6734361648043787,0.4444444444444444,0.0121580547112462,0.023668639053254437,0.3853198900430348
0.6914366299256888,0.6,0.04559270516717325,0.0847457627118644,0.5526483143050369
0.6483209661543121,0.6666666666666666,0.0364741641337386,0.06916426512968299,0.4943891654508472
