param_min_samples_leaf,param_min_samples_split,mean_test_ROC_AUC,std_test_ROC_AUC,rank_test_ROC_AUC,mean_test_Precision,std_test_Precision,rank_test_Precision,mean_test_Recall,std_test_Recall,rank_test_Recall,mean_test_f1-score,std_test_f1-score,rank_test_f1-score,mean_test_AUPRC,std_test_AUPRC,rank_test_AUPRC
1,2,0.6344570616999463,0.003034837330080315,19,0.5878152859317244,0.047879818536544314,17,0.03372835004557885,0.004465797160953836,2,0.06368773309198315,0.00790440507537838,2,0.5210446915935258,0.014431429378810607,3
1,5,0.6343888556798926,0.0028984993118910804,20,0.5771306299680194,0.09931459705843168,20,0.032816773017319965,0.0048806983908261945,3,0.062090009650716795,0.009272674864449989,4,0.46918002393337943,0.016537189147078402,10
1,10,0.6374649135389814,0.004870790210885161,18,0.5958927760109042,0.06697050536164748,16,0.032816773017319965,0.003938462897847377,3,0.062140972339529844,0.007109669336084401,3,0.5438433662872222,0.05185637179874561,1
1,20,0.640550123021386,0.0026216003998466133,17,0.6038246305919607,0.084630204678794,12,0.03099361896080219,0.0,6,0.058910839143501065,0.0003751375263768397,6,0.47089152064424683,0.022755295714107712,9
2,2,0.6428789184980928,0.0007983200686130445,16,0.6214951332556464,0.05828455270235447,5,0.03646308113035551,0.003938462897847377,1,0.06887505657196968,0.007346847032691089,1,0.5268199160111541,0.041416758917224655,2
2,5,0.6452255526937591,0.005791137635485165,14,0.6094685990338163,0.09410439542200905,10,0.03251291400790033,0.001136936307132768,5,0.06167946273398755,0.0023452739937289946,5,0.5034146503849016,0.03602822856758787,4
2,10,0.6437210438818654,0.001673323759497152,15,0.5851135775947806,0.06360714253365843,18,0.02977818292312367,0.0018731127325946435,8,0.056643172737948,0.0034749237143919275,8,0.4946416973753922,0.016654873228798633,5
2,20,0.6488250867129876,0.0030016495351951403,13,0.5841605712295367,0.030499133759981475,19,0.030385900941962928,0.003098766036823328,7,0.05772041315114305,0.005531850911794733,7,0.48865117105717787,0.02402433218975408,7
5,2,0.6567494571130772,0.0015541201594763989,10,0.6188660209846651,0.028376870601016613,7,0.027955028866605895,0.005066342145406583,11,0.0533872522923928,0.00924841788763746,11,0.4810387071892182,0.03918056111314833,8
5,5,0.6513997780347734,0.003645812474833051,12,0.6188106592419261,0.05994215853264701,8,0.028866605894864783,0.0018731127325946446,10,0.05515740518961285,0.0036544846440852135,10,0.44419301898083613,0.025892059445487534,15
5,10,0.6534700753232444,0.0029619365294465045,11,0.6006610729722858,0.051841512291550144,14,0.029474323913704043,0.0011369363071327694,9,0.056158393226925056,0.0019140879005509418,9,0.4896841992195071,0.020616185018330783,6
5,20,0.657773178313867,0.004329348811222802,9,0.6257716049382716,0.04537404453083072,4,0.026131874810088117,0.004232266264717142,13,0.05011455159597772,0.007816755314562674,13,0.46190240555169343,0.017902187916520037,12
10,2,0.6615762138379272,0.0010982596112880238,7,0.6212606837606838,0.08652197268257984,6,0.02582801580066849,0.0008594430643409881,14,0.04956552906370056,0.0017161351963197533,14,0.4258425078235299,0.020535827266906136,18
10,5,0.6589805125486584,0.0016681307904826757,8,0.6627593066211993,0.06237413751365412,1,0.027347310847766638,0.0007442995268256382,12,0.052507024744265766,0.0013452000402448454,12,0.45286026866582557,0.06781679840625683,14
10,10,0.6660974278054371,0.0005430826027125132,5,0.5983475783475783,0.03224358895692003,15,0.024916438772409604,0.003008050725193456,15,0.04779438609152597,0.005502396373637186,15,0.46708373219958227,0.018620547927925668,11
10,20,0.6628098849168338,0.0045177015625407005,6,0.6148613506337083,0.02885516182629729,9,0.023701002734731084,0.003721497634128195,16,0.045576181748630394,0.0068174659269974935,16,0.45962900401065704,0.034033028297717136,13
20,2,0.6670298355295249,0.0021979707028177854,4,0.6374364560639071,0.07307456798516135,3,0.018535399574597388,0.0004297215321704941,20,0.03600794897362348,0.0007561555018115496,20,0.420405012079073,0.037764532343724455,19
20,5,0.6685608693883331,0.0043952454813824164,2,0.601807107621061,0.05622873562616715,13,0.020662412640534793,0.002392588232759589,18,0.03990192932911693,0.004391742431339614,18,0.42722869178915607,0.003492750594620465,17
20,10,0.667920158248875,0.0027344747866178895,3,0.6390513320337882,0.06193154219786551,2,0.020966271649954422,0.002578329193022961,17,0.04054784324848796,0.0047671844079597014,17,0.42946694333643687,0.011975511760911639,16
20,20,0.6686660226151059,0.004139508782166395,1,0.6067614125753661,0.12153726618675598,11,0.0197508356122759,0.0030987660368233267,19,0.038228267259583414,0.00594333590500719,19,0.40752608689055075,0.0148048659462191,20
